%YAML:1.0
---
load_directory: "./"
intrinsics:
   f_u: 6.9199133300781250e+02
   f_v: 6.9223242187500000e+02
   pp_x: 4.9231005859375000e+02
   pp_y: 2.6836679077148438e+02
   width: 960
   height: 540
camera2world_pose: !!opencv-matrix
   rows: 4
   cols: 4
   dt: f
   data: [ 1., 0., 0., 0., 0., 1., 0., 0., 0., 0., 1., 0., 0., 0., 0.,
       1. ]
image_name_pre: color_camera_image_
load_index: 0
n_leading_zeros: 0
image_name_post: ""
load_image_type: png
